1 10 25.4 304.8 914.4002494 1000 1000000 1609344 1852000 -1
1 100 645.2 92900 836127.816 1000000 100000000 -1
1 1 10 16.387 100 1000 1000 28320 3785 4546 1000000 -1
1 60 360 3600 86400 2592000 31104000 -1
1 1 1.96 3.28 59.99 118.10 196.84 299.99 299.99 3280.82 3599.98 -1
1 1.80 460.67 493.47 -1
1 1000 28349.5 31103.5 453592 1000000 14593903 1000000000 -1
1 99999.99 444822.16 980000 980000 -1
1 9.8 9.8 9.8 9.8 9.8 47.88 98 133.32 133.32 248.84 -1
1 1000 1000 1000000 1000000 1000000 1001153.96 6236023.29 7489150.09 16017940.09 99776372.66 -1
1 1.20 1.60 1.93 4.54 7.3 -1
-1







